[gd_scene load_steps=8 format=2]

[ext_resource path="res://Scenes/SketchLevel/Platform.tscn" type="PackedScene" id=1]

[sub_resource type="BoxShape" id=1]
extents = Vector3( 96, 2, 32 )

[sub_resource type="CubeMesh" id=2]
size = Vector3( 192, 4, 64 )

[sub_resource type="BoxShape" id=3]
extents = Vector3( 96, 4, 1 )

[sub_resource type="BoxShape" id=5]
extents = Vector3( 1, 4, 32 )

[sub_resource type="CubeMesh" id=8]
size = Vector3( 192, 8, 2 )

[sub_resource type="CubeMesh" id=7]
size = Vector3( 2, 8, 64 )

[node name="MidWideLongestPlatform" instance=ExtResource( 1 )]
transform = Transform( 1, 0, 0, 0, 1, 0, 0, 0, 1, 0, 2, 0 )

[node name="CollisionShape" parent="." index="0"]
shape = SubResource( 1 )

[node name="MeshInstance" parent="." index="1"]
mesh = SubResource( 2 )

[node name="CollisionShape2" type="CollisionShape" parent="." index="2"]
transform = Transform( 1, 0, 0, 0, 0.707107, -0.707107, 0, 0.707107, 0.707107, 0, -1.6, -34 )
shape = SubResource( 3 )

[node name="CollisionShape3" type="CollisionShape" parent="." index="3"]
transform = Transform( 1, 0, 0, 0, 0.707107, 0.707107, 0, -0.707107, 0.707107, 0, -1.6, 34 )
shape = SubResource( 3 )

[node name="CollisionShape4" type="CollisionShape" parent="." index="4"]
transform = Transform( 0.707107, -0.707107, 0, 0.707107, 0.707107, 0, 0, 0, 1, 98, -1.6, 0 )
shape = SubResource( 5 )

[node name="CollisionShape5" type="CollisionShape" parent="." index="5"]
transform = Transform( 0.707107, 0.707107, 0, -0.707107, 0.707107, 0, 0, 0, 1, -98, -1.6, 0 )
shape = SubResource( 5 )

[node name="MeshInstance2" type="MeshInstance" parent="." index="6"]
transform = Transform( 1, 0, 0, 0, 0.707107, -0.707107, 0, 0.707107, 0.707107, 0, -1.6, -34 )
mesh = SubResource( 8 )

[node name="MeshInstance3" type="MeshInstance" parent="." index="7"]
transform = Transform( 1, 0, 0, 0, 0.707107, 0.707107, 0, -0.707107, 0.707107, 0, -1.6, 34 )
mesh = SubResource( 8 )

[node name="MeshInstance4" type="MeshInstance" parent="." index="8"]
transform = Transform( 0.707107, -0.707107, 0, 0.707107, 0.707107, 0, 0, 0, 1, 98, -1.6, 0 )
mesh = SubResource( 7 )

[node name="MeshInstance5" type="MeshInstance" parent="." index="9"]
transform = Transform( 0.707107, 0.707107, 0, -0.707107, 0.707107, 0, 0, 0, 1, -98, -1.6, 0 )
mesh = SubResource( 7 )
