[gd_scene load_steps=3 format=2]

[sub_resource type="BoxShape" id=1]
extents = Vector3( 5, 62, 30 )

[sub_resource type="BoxShape" id=2]
extents = Vector3( 16, 10, 10 )

[node name="CornerWallStraightTunnel" type="CSGBox"]
transform = Transform( 1, 0, 0, 0, 1, 0, 0, 0, 1, 0, 64, 0 )
width = 32.0
height = 128.0
depth = 64.0

[node name="CSGCylinder" type="CSGCylinder" parent="."]
transform = Transform( -4.37114e-08, -1, 0, 0.866025, -3.78552e-08, -0.5, 0.5, -2.18557e-08, 0.866025, 0, -50, 0 )
operation = 2
radius = 16.0
height = 40.0
sides = 6

[node name="CSGBox" type="CSGBox" parent="."]
transform = Transform( 0.707107, 0, -0.707107, 0, 1, 0, 0.707107, 0, 0.707107, -26, 0, 51 )
width = 32.0
height = 128.0
depth = 64.0

[node name="CSGBox2" type="CSGBox" parent="."]
transform = Transform( 0.707107, 0, 0.707107, 0, 1, 0, -0.707107, 0, 0.707107, -26, 0, -51 )
width = 32.0
height = 128.0
depth = 64.0

[node name="StaticBody" type="StaticBody" parent="."]

[node name="CollisionShape" type="CollisionShape" parent="StaticBody"]
transform = Transform( 0.707107, 0, -0.707107, 0, 1, 0, 0.707107, 0, 0.707107, -34, 0, 42 )
shape = SubResource( 1 )

[node name="CollisionShape2" type="CollisionShape" parent="StaticBody"]
transform = Transform( 0.707107, 0, 0.707107, 0, 1, 0, -0.707107, 0, 0.707107, -34, 0, -42 )
shape = SubResource( 1 )

[node name="CollisionShape3" type="CollisionShape" parent="StaticBody"]
transform = Transform( 1, 0, 0, 0, 0.866025, -0.5, 0, 0.5, 0.866025, 0, -60, 22 )
shape = SubResource( 2 )

[node name="CollisionShape4" type="CollisionShape" parent="StaticBody"]
transform = Transform( 1, 0, 0, 0, 0.866025, 0.5, 0, -0.5, 0.866025, 0, -60, -22 )
shape = SubResource( 2 )
