[gd_scene load_steps=3 format=2]

[ext_resource path="res://Scenes/LevelParts/TunnelLight.tscn" type="PackedScene" id=1]
[ext_resource path="res://Scenes/LevelParts/LongTunnelPlatform.tscn" type="PackedScene" id=2]

[node name="LongTunnel" type="Spatial"]
transform = Transform( 1, 0, 0, 0, 1, 0, 0, 0, 1, 0, -0.5, 0 )

[node name="LongTunnelPlatform" parent="." instance=ExtResource( 2 )]

[node name="LongTunnelPlatform2" parent="." instance=ExtResource( 2 )]
transform = Transform( 1, 0, 0, 0, 1, 0, 0, 0, 1, 0, 28, 0 )

[node name="LongTunnelPlatform3" parent="." instance=ExtResource( 2 )]
transform = Transform( 1, 0, 0, 0, 0.5, 0.866025, 0, -0.866025, 0.5, 0, 7, 12 )

[node name="LongTunnelPlatform4" parent="." instance=ExtResource( 2 )]
transform = Transform( 1, 0, 0, 0, 0.5, -0.866025, 0, 0.866025, 0.5, 0, 7, -12 )

[node name="LongTunnelPlatform5" parent="." instance=ExtResource( 2 )]
transform = Transform( 1, 0, 0, 0, -0.5, -0.866025, 0, 0.866025, -0.5, 0, 21, -12 )

[node name="LongTunnelPlatform6" parent="." instance=ExtResource( 2 )]
transform = Transform( 1, 0, 0, 0, -0.5, 0.866025, 0, -0.866025, -0.5, 0, 21, 12 )

[node name="TunnelLight" parent="." instance=ExtResource( 1 )]
transform = Transform( 1, 0, 0, 0, 1, 0, 0, 0, 1, -24, 14, 14 )

[node name="TunnelLight2" parent="." instance=ExtResource( 1 )]
transform = Transform( 1, 0, 0, 0, 1, 0, 0, 0, 1, -8, 14, -14 )

[node name="TunnelLight3" parent="." instance=ExtResource( 1 )]
transform = Transform( 1, 0, 0, 0, 1, 0, 0, 0, 1, 8, 14, 14 )

[node name="TunnelLight4" parent="." instance=ExtResource( 1 )]
transform = Transform( 1, 0, 0, 0, 1, 0, 0, 0, 1, 24, 14, -14 )

[node name="TunnelLight5" parent="." instance=ExtResource( 1 )]
transform = Transform( 1, 0, 0, 0, 1, 0, 0, 0, 1, -88, 14, 14 )

[node name="TunnelLight6" parent="." instance=ExtResource( 1 )]
transform = Transform( 1, 0, 0, 0, 1, 0, 0, 0, 1, -72, 14, -14 )

[node name="TunnelLight7" parent="." instance=ExtResource( 1 )]
transform = Transform( 1, 0, 0, 0, 1, 0, 0, 0, 1, -56, 14, 14 )

[node name="TunnelLight8" parent="." instance=ExtResource( 1 )]
transform = Transform( 1, 0, 0, 0, 1, 0, 0, 0, 1, -40, 14, -14 )

[node name="TunnelLight9" parent="." instance=ExtResource( 1 )]
transform = Transform( 1, 0, 0, 0, 1, 0, 0, 0, 1, 40, 14, 14 )

[node name="TunnelLight10" parent="." instance=ExtResource( 1 )]
transform = Transform( 1, 0, 0, 0, 1, 0, 0, 0, 1, 56, 14, -14 )

[node name="TunnelLight11" parent="." instance=ExtResource( 1 )]
transform = Transform( 1, 0, 0, 0, 1, 0, 0, 0, 1, 72, 14, 14 )

[node name="TunnelLight12" parent="." instance=ExtResource( 1 )]
transform = Transform( 1, 0, 0, 0, 1, 0, 0, 0, 1, 88, 14, -14 )
